0948499976
0942999977
0941999977
0948499977
0942999978
0941999978
0948499978
0942999979
0941999979
0948499979
0942999980
0941999980
0948499980
0942999981
0941999981
0948499981
0942999982
0941999982
0948499982
0942999983
0941999983
0948499983
0942999984
0941999984
0948499984
0942999985
0941999985
0948499985
0942999986
0941999986
0948499986
0942999987
0941999987
0948499987
0942999988
0941999988
0948499988
0942999989
0941999989
0948499989
0942999990
0941999990
0948499990
0942999991
0941999991
0948499991
0942999992
0941999992
0948499992
0942999993
0941999993
0948499993
0942999994
0941999994
0948499994
0942999995
0941999995
0948499995
0942999996
0941999996
0948499996
0942999997
0941999997
0948499997
0942999998
0941999998
0948499998
0942999999
0941999999
0948499999
0952399932
0954599932
0953599932
0952399933
0954599933
0953599933
0952399934
0954599934
0953599934
0952399935
0954599935
0953599935
0952399936
0954599936
0953599936
0952399937
0954599937
0953599937
0952399938
0954599938
0953599938
0952399939
0954599939
0953599939
0952399940
0954599940
0953599940
0952399941
0954599941
0953599941
0952399942
0954599942
0953599942
0952399943
0954599943
0953599943
0952399944
0954599944
0953599944
0952399945
0954599945
0953599945
0952399946
0954599946
0953599946
0952399947
0954599947
0953599947
0952399948
0954599948
0953599948
0952399949
0954599949
0953599949
0952399950
0954599950
0953599950
0952399951
0954599951
0953599951
0952399952
0954599952
0953599952
0952399953
0954599953
0953599953
0952399954
0954599954
0953599954
